# Задаем массив направлений ветра за каждый день
wind_directions = [3, 5, 1, 8, 4, 3, 7, 2, 1, 6, 6, 2, 1, 3, 5, 4, 8, 7, 2, 3, 1, 5, 4, 8, 7, 6, 2, 1, 3, 5, 7, 8, 4, 6, 2, 1, 3, 5, 7, 8, 4, 6, 2, 1, 3, 5, 7, 8, 4, 6, 2, 1, 3, 5, 4, 8, 7, 2, 6, 1, 3, 5, 7, 8, 4, 2, 1, 3, 5, 4, 8, 7, 6, 2, 1, 3, 5, 7, 8, 4, 6, 2, 1, 3, 5, 4, 8, 7, 2, 6, 1, 3, 5, 7, 8, 4, 2, 1, 3, 5, 4, 8, 7, 6, 2, 1, 3, 5, 7, 8, 4, 6, 2, 1, 3, 5, 4, 8, 7, 2, 6, 1, 3, 5, 7, 8, 4, 2, 1, 3, 5, 4, 8, 7, 6, 2, 1, 3, 5, 7, 8, 4, 6, 2, 1, 3, 5, 4, 8, 7, 2, 6, 1, 3, 5, 7, 8, 4, 2, 1, 3, 5, 4, 8, 7, 6, 2, 1, 3, 5, 7, 8, 4, 6, 2, 1, 3, 5, 4, 8, 7, 2, 6, 1, 3, 5, 7, 8, 4, 2, 1, 3, 5, 4, 8, 7, 6, 2, 1, 3, 5, 7, 8, 4, 6, 2, 1, 3, 5, 4, 8, 7, 2, 6, 1, 3, 5, 7, 8, 4, 2, 1, 3, 5, 4, 8, 7, 6, 2, 1, 3, 5, 7, 8, 4, 6, 2, 1, 3, 5, 4, 8, 7, 2, 6, 1, 3, 5, 7, 8, 4, 2, 1, 3, 5, 4, 8, 7, 6, 2, 1, 3, 5, 7, 8, 4, 6, 2, 1, 3, 5, 4, 8, 7, 2, 6, 1, 3, 5, 7, 8, 4, 2, 1]

# Считаем частоту встречаемости каждого направления ветра
wind_frequencies = [wind_directions.count(i) for i in range(1, 9)]

# Находим минимальную частоту встречаемости ветра со стороны металлургического комбината (северо-западного или юго-восточного)
min_frequency = min(wind_frequencies[4], wind_frequencies[8])

# Определяем рекомендуемое расположение жилого комплекса
if min_frequency == wind_frequencies[4]:
    print("Жилой комплекс должен быть расположен с юго-восточной стороны металлургического комбината")
else:
    print("Жилой комплекс должен быть расположен с северо-западной стороны металлургического комбината")
