heights = [180, 175, 170, 165, 160, 155, 150, 
           145, 140, 135, 130, 125, 120, 115, 110, 
           105, 100, 95, 90, 85, 80, 75, 70, 65, 60]

# Известны порядковые номера выбывших учеников (7 и 13)
del heights[6]
del heights[11]
print(heights) # Вывод [180, 175, 170, 165, 160, 155, 135, 130, 125, 120, 115, 110, 95, 90, 85, 80, 75, 70, 65, 60]

# Известны значения роста выбывших учеников (170 и 115)
heights.remove(170)
heights.remove(115)
print(heights) # Вывод [180, 175, 165, 160, 155, 150, 145, 140, 135, 130, 125, 120, 110, 105, 100, 95, 90, 85, 80, 75, 70, 65, 60]
