heights = [180, 175, 170, 165, 160, 155, 150, 
           145, 140, 135, 130, 125, 120, 115, 110, 
           105, 100, 95, 90, 85, 80, 75, 70, 65, 60]

# Известен порядковый номер выбывшего ученика (7)
del heights[6]
print(heights) # Вывод [180, 175, 170, 165, 160, 155, 145, 140, 135, 130, 125, 120, 115, 110, 105, 100, 95, 90, 85, 80, 75, 70, 65, 60]

# Известен рост выбывшего ученика (155)
heights.remove(155)
print(heights) # Вывод [180, 175, 170, 165, 160, 150, 145, 140, 135, 130, 125, 120, 115, 110, 105, 100, 95, 90, 85, 80, 75, 70, 65, 60]
