grades = [[4, 5, 3, 2, 4, 4, 5, 5, 3, 3, 4, 4, 5, 5, 3], [3, 5, 4, 4, 4, 3, 5, 4, 5, 2, 4, 5, 5, 3, 4], [5, 4, 3, 4, 5, 5, 4, 3, 4, 4, 5, 3, 4, 2, 3], [4, 5, 3, 4, 4, 4, 5, 3, 4, 4, 4, 3, 5, 5, 4], [4, 4, 5, 3, 4, 5, 4, 5, 4, 2, 4, 4, 3, 3, 5],
       [5, 4, 4, 4, 5, 5, 4, 4, 3, 3, 4, 5, 4, 3, 4], [3, 4, 5, 4, 4, 5, 4, 4, 5, 4, 3, 3, 5, 4, 3], [5, 4, 4, 3, 5, 3, 3, 3, 4, 4, 4, 5, 4, 5, 4], [4, 3, 4, 5, 5, 4, 3, 4, 5, 5, 3, 2, 4, 4, 5], [4, 5, 5, 4, 3, 4, 4, 5, 3, 2, 5, 4, 3, 3, 4],
       [2, 3, 4, 3, 5, 3, 4, 5, 4, 5, 2, 3, 4, 4, 4], [5, 4, 4, 3, 5, 3, 5, 4, 4, 4, 3, 4, 5, 5, 4], [5, 3, 5, 4, 4, 3, 4, 3, 5, 4, 4, 5, 3, 2, 4], [4, 4, 2, 5, 3, 5, 4, 4, 4, 5, 3, 5, 3, 3, 4], [4, 5, 4, 3, 4, 3, 4, 5, 4, 2, 5, 4, 3, 4, 3],
       [5, 5, 4, 3, 4, 5, 5, 4, 4, 5, 3, 5, 4, 3, 3], [4, 5, 3, 4, 5, 5, 4, 5, 4, 4, 5, 4, 4, 3, 3], [4, 3, 5, 4, 4, 3, 4, 5, 4, 4, 5, 3, 5, 5, 3], [2, 4, 5, 3, 4, 4, 3, 4, 5, 4, 4, 3, 4, 5, 5], [3, 4, 5, 4, 5, 4, 4, 3, 4, 4, 5, 2, 3, 4, 5]]

students = ['Jack', 'Sara', 'Tom', 'Lilly', 'Alex', 'Emily', 'Isaac', 'Olivia', 'Harry', 'Anna', 'Max', 'Sophia', 'Peter', 'Lucas', 'Julia', 'Ethan', 'Grace', 'Kevin', 'Ava', 'Luke']

avg_grades = []
for i in range(len(grades)):
  avg_grade = sum(grades[i]) / len(grades[i])
  avg_grades.append(avg_grade)

class_avg = sum(avg_grades) / len(avg_grades)
print("Class average:", class_avg)

for i in range(len(avg_grades)):
  if avg_grades[i] > class_avg:
    print(students[i], "has an above average grade")

