scores = [
    [8, 7, 9, 6, 5],
    [9, 8, 7, 6, 7],
    [7, 6, 8, 7, 6],
    [8, 7, 6, 8, 7],
    [9, 8, 7, 9, 9],
    [7, 8, 9, 7, 8],
    [8, 9, 8, 9, 9],
    [9, 8, 7, 6, 8],
    [7, 6, 8, 7, 6],
    [8, 7, 6, 8, 7],
    [7, 8, 9, 7, 8],
    [8, 9, 8, 9, 9],
    [9, 8, 7, 6, 8],
    [7, 6, 8, 7, 6],
    [8, 7, 6, 8, 7],
    [7, 8, 9, 7, 8],
    [8, 9, 8, 9, 9],
    [9, 8, 7, 6, 8],
    [7, 6, 8, 7, 6],
    [8, 7, 6, 8, 7],
]

max_score = 0
max_score_index = 0

for i in range(len(scores)):
    score = sum(scores[i])
    if score > max_score:
        max_score = score
        max_score_index = i
        
print(f"Фамилия спортсмена-победителя соревнований: спортсмен {max_score_index + 1}") 

